var data = [["","related","request","offer","aid_related","medical_help","medical_products","search_and_rescue","security","military","child_alone","water","food","shelter","clothing","money","missing_people","refugees","death","other_aid","infrastructure_related","transport","buildings","electricity","tools","hospitals","shops","aid_centers","other_infrastructure","weather_related","floods","storm","fire","earthquake","cold","other_weather","direct_report"],
["related",1,0.235328290128141,0.0350016165137289,0.436568734229125,0.152443035235736,0.119067730970277,0.0873532405041766,0.0701091891150961,0.0954598961723949,0,0.135374670282655,0.183867648274966,0.161471356443031,0.0650099394997524,0.0795990813635641,0.0556741588745037,0.0963742253162924,0.113327439414556,0.201716793104927,0.136708789670236,0.113674507954179,0.120066069238282,0.0747424505138687,0.0404898702448616,0.0541473523630811,0.0351490481289405,0.0566084340075778,0.111075123832266,0.322082840681523,0.155243070336439,0.166351469797815,0.0540505585308943,0.166538792899587,0.0744561899242785,0.121996431240428,0.25412532931949],
["request",0.235328290128141,1,-0.0306684772267327,0.447707172129509,0.128504744251499,0.106534476640112,0.0712634321264671,0.0568278282296713,-0.0443853172917378,0,0.239513161703974,0.350958758632153,0.280009266387313,0.0817405339822769,0.0626498446053187,0.0275694053962193,0.023825063696163,0.00852253609700296,0.243958652086058,0.0215909390890322,0.0253551918435033,0.0625947561222926,0.0105563547069237,0.0193430745256287,0.0163012051314437,0.0322581397078381,0.0227026706887563,-0.00284892198184847,-0.0152047490441651,-0.00586384237229511,-0.0461424635270569,-0.00904505262271688,0.00684409739200268,-0.00187341291951487,-0.0155519817828834,0.647832239580199],
["offer",0.0350016165137289,-0.0306684772267327,1,0.067504119300613,0.00529006904101526,0.0390971501724849,-0.000995622775576298,-0.00913677683456241,0.000302443318331166,0,0.00556743405511216,0.0642895032626774,0.00493595809408626,0.0604617566882804,0.0539261082764486,-0.00725557336361894,-0.009402178049685,-0.0147690700211009,0.0324785381462203,-0.0132137119597727,-0.00396639586181255,-0.0156472624185222,-0.00170635891242027,-0.0052767249651203,-0.0015652456448226,-0.00458069780516521,-0.00211944507288297,-0.0144755435219875,-0.014123764726539,-0.00164963488442959,-0.013878033034883,-0.00154300954451323,-0.0119610536216939,-0.00970328711367021,-0.00572048772449637,0.0185681197557068],
["aid_related",0.436568734229125,0.447707172129509,0.067504119300613,1,0.349184500133525,0.272735360172998,0.20009046378086,0.160591411198701,0.218659488616228,0,0.310087873154134,0.421165406174979,0.369864682884519,0.148911120752769,0.182328863985287,0.12752667451736,0.220753841858267,0.259586705435124,0.462050479774256,0.19759358654706,0.154920385017226,0.149638790763836,0.069801814485215,0.085765007183045,0.10829459711423,0.0644533293943449,0.116035734690538,0.131227792316303,0.208331523298291,0.16713017458835,0.0593124102741991,0.0532523484165675,0.0802418199568689,0.0808752571751694,0.125634271755101,0.374442635432157],
["medical_help",0.152443035235736,0.128504744251499,0.00529006904101526,0.349184500133525,1,0.341240454926328,0.103489836110079,0.0609947528052881,0.00594442427400668,0,0.136425479215524,0.0884114082682511,0.0820480327755981,0.0395654615420208,0.0215102428261902,0.0851875226264739,0.0809534446096022,0.120049756452313,0.0823177516356408,0.109280392582948,0.233834258625867,0.0401836031578679,0.020425753856277,0.0532490914480396,0.164277365747134,0.0364170871716777,0.0605766023413933,0.034624698384966,0.0963593526289719,0.185685652409575,0.00680638838936154,0.0266975767593205,0.0158014755526216,0.0308328820301719,0.0388136690870059,0.0989250499081027],
["medical_products",0.119067730970277,0.106534476640112,0.0390971501724849,0.272735360172998,0.341240454926328,1,0.0807565080547555,0.0597319424442166,-0.00502480898493109,0,0.248165318110525,0.190922964966068,0.164213080833792,0.177885106182897,0.0439482235421398,0.100442564877789,0.0817871603228703,0.0595131107288183,0.107137710207237,0.0974900593446056,0.121716845411866,0.0318595803501089,0.0473071388274459,0.0766178265901431,0.0994929439212134,0.0439845406554668,0.0801927202970086,0.0437640574135357,0.045975129565271,0.0914669038950972,0.000155650213599066,0.0336582979921425,0.00420707296813826,0.0402778955958392,0.0321474884855887,0.0624955766295181],
["search_and_rescue",0.0873532405041766,0.0712634321264671,-0.000995622775576298,0.20009046378086,0.103489836110079,0.0807565080547555,1,0.101620265514639,0.0460536610088574,0,0.023567327687133,0.0103839575807602,0.0368354134490685,0.0127882742464546,0.0144505511887979,0.227413093834957,0.127967304970441,0.113741104064651,0.0831631841724668,0.0952443909819242,0.179958166362099,0.0933031680398579,0.0564344144217256,0.0917622183405681,0.0747443293696146,0.0230521830913911,0.0441357342795412,0.0615809549968088,0.143467201223931,0.143455574705648,0.0386979929367833,0.0523724519152289,0.0657281309874187,0.0650948923378762,0.0448690517342369,0.056926395900268],
["security",0.0701091891150961,0.0568278282296713,-0.00913677683456241,0.160591411198701,0.0609947528052881,0.0597319424442166,0.101620265514639,1,0.160486366369721,0,-0.00479890200043123,0.00213388823736098,0.0205526432348461,0.0481496919794675,-0.00163709730161787,0.147735696359483,0.107470896529321,0.0984107240859269,0.061206660380089,0.0656331173717135,0.147373516564871,0.043116765275363,0.0333461116828239,0.0671035394181295,0.0414459006061369,0.0461313416971329,0.0331187028063427,0.0326781498773806,0.0799326692235821,0.106802164790786,0.00296476202566774,0.0582719058272603,0.0196370699379101,0.0376966915032592,0.01322529813888,0.0484636520792474],
["military",0.0954598961723949,-0.0443853172917378,0.000302443318331166,0.218659488616228,0.00594442427400668,-0.00502480898493109,0.0460536610088574,0.160486366369721,1,0,-0.0174595661278913,-0.0286486305616736,-0.0234540665388779,-0.00402904622337786,-0.00117139517182012,0.0245803974606121,0.0574983307736998,0.0982706144787327,-0.0013613155691771,0.0547547889217284,0.0199805979771642,0.0060308178289087,0.0128501805778244,0.0352556231430975,0.0304906566474842,0.0224046029092649,0.0314698421758179,0.0336868546596619,-0.0155839957630279,-0.000635951572002126,-0.0318934221535275,0.0430680194428577,-0.0194841428419321,0.0115757227649638,0.00657375163624204,-0.0383085102833994],
["child_alone",0,0,0,0,0,0,0,0,0,0,0,0,0,0,0,0,0,0,0,0,0,0,0,0,0,0,0,0,0,0,0,0,0,0,0,0],
["water",0.135374670282655,0.239513161703974,0.00556743405511216,0.310087873154134,0.136425479215524,0.248165318110525,0.023567327687133,-0.00479890200043123,-0.0174595661278913,0,1,0.351503233627858,0.20761943997518,0.0999020688399542,0.0264336041753369,0.00426253513155074,0.0330277274228752,0.00718117632558694,0.0455894750788956,0.0791459030612095,0.0232318426845548,0.0317411774339337,0.0628337003777281,0.0338466856538109,0.0361191076112945,0.0470005576873364,0.0596492919926324,0.0559540972573021,-0.000147235509270669,0.021091749318879,-0.00448742780552665,0.0135922903690957,-0.0180477109211418,0.00681278311137713,0.0483478379149724,0.193230060821378],
["food",0.183867648274966,0.350958758632153,0.0642895032626774,0.421165406174979,0.0884114082682511,0.190922964966068,0.0103839575807602,0.00213388823736098,-0.0286486305616736,0,0.351503233627858,1,0.228415871107529,0.197672902776235,0.0536403283076243,-0.0130307728803317,0.0242930994904653,0.00016511782056418,0.0363623295251592,0.0399539874345735,0.0147555731661374,0.0147282655463217,0.000255087014145592,0.0268568104614878,0.00159333957493817,0.042298983349608,0.0386488200582836,0.0255959698549642,-0.0154977341006148,0.012655945407986,-0.00112004849313106,0.00759556284986562,-0.0566424224782139,0.00236116763572586,0.0451470238601051,0.298058898285961],
["shelter",0.161471356443031,0.280009266387313,0.00493595809408626,0.369864682884519,0.0820480327755981,0.164213080833792,0.0368354134490685,0.0205526432348461,-0.0234540665388779,0,0.20761943997518,0.228415871107529,1,0.165443831276134,0.0381019353765653,0.00448116426648016,0.187979440146729,0.0200660990104769,0.0667347582856339,0.147702861414113,0.0260328316187291,0.216844713964972,0.0235342093442612,0.0465945057457881,0.0272446741712811,0.0485214877094257,0.156405599209885,0.0971374555894122,0.0910634724547324,0.0679599268411258,0.0541948705720258,0.0169896744198636,0.0211906978821307,0.0716828645627203,0.0531544994549968,0.234001593316523],
["clothing",0.0650099394997524,0.0817405339822769,0.0604617566882804,0.148911120752769,0.0395654615420208,0.177885106182897,0.0127882742464546,0.0481496919794675,-0.00402904622337786,0,0.0999020688399542,0.197672902776235,0.165443831276134,1,0.0528004545066779,0.00688879015298469,0.0162077237731445,-0.00670436754016219,0.0471504713851547,0.0295480312958488,0.0212053658241862,0.0144990870207959,0.0190855387210148,0.0299871534448847,0.0466825625844856,0.0143745747046297,0.0349578364574311,0.0047776876356297,0.0116311976084014,0.00963052150922341,-0.00310507020627368,0.00787976265231316,-0.00318439750439717,0.0412415159487599,0.00233131102946247,0.0666709124701469],
["money",0.0795990813635641,0.0626498446053187,0.0539261082764486,0.182328863985287,0.0215102428261902,0.0439482235421398,0.0144505511887979,-0.00163709730161787,-0.00117139517182012,0,0.0264336041753369,0.0536403283076243,0.0381019353765653,0.0528004545066779,1,0.00265508955478924,0.0167088514812062,-0.00190638242660307,0.0891728043562598,0.0625908090407919,0.0270655283602591,0.0361206548583614,0.0210455984296236,0.024021292179338,0.0282397629909642,0.0272488913370029,0.0350507272883349,0.0527070318208342,0.0690344812223682,0.0455731065157776,0.023226989799501,0.00369874190004119,0.0623921328276846,0.00503106165514065,0.032250255108657,0.0166738080476306],
["missing_people",0.0556741588745037,0.0275694053962193,-0.00725557336361894,0.12752667451736,0.0851875226264739,0.100442564877789,0.227413093834957,0.147735696359483,0.0245803974606121,0,0.00426253513155074,-0.0130307728803317,0.00448116426648016,0.00688879015298469,0.00265508955478924,1,0.135934921727033,0.19343036775122,0.0666044495430575,0.0415879926015066,0.203057641752909,0.0355715308244457,0.0226522808164882,0.0378745704674309,0.0200625963386082,0.0246449246332624,0.0315363791425284,0.0295757748485919,0.123169137112747,0.173025336904718,0.0309532036468962,0.00969022826166681,0.0530579609122528,0.0279571839853963,0.0310912365915352,0.00821772435092496],
["refugees",0.0963742253162924,0.023825063696163,-0.009402178049685,0.220753841858267,0.0809534446096022,0.0817871603228703,0.127967304970441,0.107470896529321,0.0574983307736998,0,0.0330277274228752,0.0242930994904653,0.187979440146729,0.0162077237731445,0.0167088514812062,0.135934921727033,1,0.100725842838422,0.0752041428814113,0.120511942422336,0.141798734622126,0.0891871863454474,0.0167541072327747,0.023742967425238,0.0237036567051743,0.0439864239612767,0.125219081826672,0.0803147891075963,0.10508245284814,0.147398851868567,0.0373299708884398,0.0320442561854371,0.0174958069960284,0.032098501930472,0.0456903417312244,0.0054748843876812],
["death",0.113327439414556,0.00852253609700296,-0.0147690700211009,0.259586705435124,0.120049756452313,0.0595131107288183,0.113741104064651,0.0984107240859269,0.0982706144787327,0,0.00718117632558694,0.00016511782056418,0.0200660990104769,-0.00670436754016219,-0.00190638242660307,0.19343036775122,0.100725842838422,1,0.0225261331115594,0.078723568440239,0.134632131628739,0.119806119399797,0.0137566103468713,0.0229418002602079,0.0284549808579662,0.0366248482170654,0.0353984465734378,0.0673410184893464,0.167519835495476,0.158646183504462,0.0793425164256604,0.035674342844948,0.0935643798929672,0.0530114947394191,0.0846011373822643,0.0107147469659805],
["other_aid",0.201716793104927,0.243958652086058,0.0324785381462203,0.462050479774256,0.0823177516356408,0.107137710207237,0.0831631841724668,0.061206660380089,-0.0013613155691771,0,0.0455894750788956,0.0363623295251592,0.0667347582856339,0.0471504713851547,0.0891728043562598,0.0666044495430575,0.0752041428814113,0.0225261331115594,1,0.138081641496913,0.117442548656533,0.0823282008426656,0.0884837295866476,0.0582648557447514,0.0281426282768416,0.0254352778209971,0.0662461484809845,0.135829967407444,0.169531640087548,0.106392454608526,0.0581570041853577,0.034900736381032,0.104356170509098,0.033095663304328,0.0966493672004889,0.192652756220102],
["infrastructure_related",0.136708789670236,0.0215909390890322,-0.0132137119597727,0.19759358654706,0.109280392582948,0.0974900593446056,0.0952443909819242,0.0656331173717135,0.0547547889217284,0,0.0791459030612095,0.0399539874345735,0.147702861414113,0.0295480312958488,0.0625908090407919,0.0415879926015066,0.120511942422336,0.078723568440239,0.138081641496913,1,0.124743979639722,0.247085041798339,0.101030357029653,0.0610771536474757,0.396078061210942,0.257108911678131,0.414080427045932,0.812494383866701,0.233266800759057,0.172003552005547,0.118951470313189,0.0759589233614196,0.0937046948373471,0.0775084241719815,0.157793499554282,0.0311152661162516],
["transport",0.113674507954179,0.0253551918435033,-0.00396639586181255,0.154920385017226,0.233834258625867,0.121716845411866,0.179958166362099,0.147373516564871,0.0199805979771642,0,0.0232318426845548,0.0147555731661374,0.0260328316187291,0.0212053658241862,0.0270655283602591,0.203057641752909,0.141798734622126,0.134632131628739,0.117442548656533,0.124743979639722,1,0.124982798730777,0.120649031766054,0.0392142852830335,0.0317709916922412,0.0445387970032469,0.0436065684987824,0.133614705595625,0.25654853897204,0.396609294719543,0.0943766297472942,0.0389767471347017,0.0340522665402134,0.0708152387239326,0.0595418063786603,0.0395786657670878],
["buildings",0.120066069238282,0.0625947561222926,-0.0156472624185222,0.149638790763836,0.0401836031578679,0.0318595803501089,0.0933031680398579,0.043116765275363,0.0060308178289087,0,0.0317411774339337,0.0147282655463217,0.216844713964972,0.0144990870207959,0.0361206548583614,0.0355715308244457,0.0891871863454474,0.119806119399797,0.0823282008426656,0.247085041798339,0.124982798730777,1,0.0906474018773305,0.0243601441065883,0.0631070590432227,0.089677576932615,0.0808027062970278,0.249297243133436,0.217944045881497,0.162923963073619,0.112887609275027,0.0717135376426617,0.117994860239502,0.0542473603865353,0.0995187859428695,0.075167418466253],
["electricity",0.0747424505138687,0.0105563547069237,-0.00170635891242027,0.069801814485215,0.020425753856277,0.0473071388274459,0.0564344144217256,0.0333461116828239,0.0128501805778244,0,0.0628337003777281,0.000255087014145592,0.0235342093442612,0.0190855387210148,0.0210455984296236,0.0226522808164882,0.0167541072327747,0.0137566103468713,0.0884837295866476,0.101030357029653,0.120649031766054,0.0906474018773305,1,0.0409012454513958,0.0293548737582085,0.0342230069857616,0.0367895036207517,0.107478742514229,0.132660470859406,0.0560302963910691,0.127258308126971,0.0870496523119048,0.0157788967567272,0.0828873061883602,0.0580767159507364,0.0495254071809779],
["tools",0.0404898702448616,0.0193430745256287,-0.0052767249651203,0.085765007183045,0.0532490914480396,0.0766178265901431,0.0917622183405681,0.0671035394181295,0.0352556231430975,0,0.0338466856538109,0.0268568104614878,0.0465945057457881,0.0299871534448847,0.024021292179338,0.0378745704674309,0.023742967425238,0.0229418002602079,0.0582648557447514,0.0610771536474757,0.0392142852830335,0.0243601441065883,0.0409012454513958,1,0.0393800107564837,0.0310924574310483,0.0233311480625398,0.0503969664226703,0.0731031738508461,0.0320100197446119,0.0188234988306261,0.0632910986367344,0.0389990764999277,0.0969891683520486,0.0388876478351661,0.0163821432236059],
["hospitals",0.0541473523630811,0.0163012051314437,-0.0015652456448226,0.10829459711423,0.164277365747134,0.0994929439212134,0.0747443293696146,0.0414459006061369,0.0304906566474842,0,0.0361191076112945,0.00159333957493817,0.0272446741712811,0.0466825625844856,0.0282397629909642,0.0200625963386082,0.0237036567051743,0.0284549808579662,0.0281426282768416,0.396078061210942,0.0317709916922412,0.0631070590432227,0.0293548737582085,0.0393800107564837,1,0.0421304265081153,0.135659026963445,0.0460705342682527,0.0660021751500407,0.0237676917159408,0.0108661797209338,0.0356222172960188,0.0450109321944372,0.0584270897392833,0.0366492719388874,0.0206802995776334],
["shops",0.0351490481289405,0.0322581397078381,-0.00458069780516521,0.0644533293943449,0.0364170871716777,0.0439845406554668,0.0230521830913911,0.0461313416971329,0.0224046029092649,0,0.0470005576873364,0.042298983349608,0.0485214877094257,0.0143745747046297,0.0272488913370029,0.0246449246332624,0.0439864239612767,0.0366248482170654,0.0254352778209971,0.257108911678131,0.0445387970032469,0.089677576932615,0.0342230069857616,0.0310924574310483,0.0421304265081153,1,0.0292438172075186,0.0489014014093083,0.0801347853820203,0.043421713869886,0.0326111212068714,0.0422293296229643,0.0538815761189448,0.0585138261522354,0.0271123677387772,0.0353709458042807],
["aid_centers",0.0566084340075778,0.0227026706887563,-0.00211944507288297,0.116035734690538,0.0605766023413933,0.0801927202970086,0.0441357342795412,0.0331187028063427,0.0314698421758179,0,0.0596492919926324,0.0386488200582836,0.156405599209885,0.0349578364574311,0.0350507272883349,0.0315363791425284,0.125219081826672,0.0353984465734378,0.0662461484809845,0.414080427045932,0.0436065684987824,0.0808027062970278,0.0367895036207517,0.0233311480625398,0.135659026963445,0.0292438172075186,1,0.0852691577088698,0.0700998321450634,0.0392935448317826,0.0390373672387492,0.0537067483807868,0.0413573858636761,0.0345323553604601,0.0440217561346459,0.021553894412702],
["other_infrastructure",0.111075123832266,-0.00284892198184847,-0.0144755435219875,0.131227792316303,0.034624698384966,0.0437640574135357,0.0615809549968088,0.0326781498773806,0.0336868546596619,0,0.0559540972573021,0.0255959698549642,0.0971374555894122,0.0047776876356297,0.0527070318208342,0.0295757748485919,0.0803147891075963,0.0673410184893464,0.135829967407444,0.812494383866701,0.133614705595625,0.249297243133436,0.107478742514229,0.0503969664226703,0.0460705342682527,0.0489014014093083,0.0852691577088698,1,0.212783684271956,0.181695120824796,0.123808678440483,0.0534499040244464,0.0666571081999083,0.0300588474300373,0.164107095387543,0.00277387159287893],
["weather_related",0.322082840681523,-0.0152047490441651,-0.014123764726539,0.208331523298291,0.0963593526289719,0.045975129565271,0.143467201223931,0.0799326692235821,-0.0155839957630279,0,-0.000147235509270669,-0.0154977341006148,0.0910634724547324,0.0116311976084014,0.0690344812223682,0.123169137112747,0.10508245284814,0.167519835495476,0.169531640087548,0.233266800759057,0.25654853897204,0.217944045881497,0.132660470859406,0.0731031738508461,0.0660021751500407,0.0801347853820203,0.0700998321450634,0.212783684271956,1,0.481997333381818,0.516486595330055,0.167815703613888,0.517068194466036,0.23117093033195,0.378773457730069,0.0784944311239035],
["floods",0.155243070336439,-0.00586384237229511,-0.00164963488442959,0.16713017458835,0.185685652409575,0.0914669038950972,0.143455574705648,0.106802164790786,-0.000635951572002126,0,0.021091749318879,0.012655945407986,0.0679599268411258,0.00963052150922341,0.0455731065157776,0.173025336904718,0.147398851868567,0.158646183504462,0.106392454608526,0.172003552005547,0.396609294719543,0.162923963073619,0.0560302963910691,0.0320100197446119,0.0237676917159408,0.043421713869886,0.0392935448317826,0.181695120824796,0.481997333381818,1,0.205790087635745,0.041410635450218,0.0033403484157275,0.0447282333472658,0.102497853063294,0.00234932777968067],
["storm",0.166351469797815,-0.0461424635270569,-0.013878033034883,0.0593124102741991,0.00680638838936154,0.000155650213599066,0.0386979929367833,0.00296476202566774,-0.0318934221535275,0,-0.00448742780552665,-0.00112004849313106,0.0541948705720258,-0.00310507020627368,0.023226989799501,0.0309532036468962,0.0373299708884398,0.0793425164256604,0.0581570041853577,0.118951470313189,0.0943766297472942,0.112887609275027,0.127258308126971,0.0188234988306261,0.0108661797209338,0.0326111212068714,0.0390373672387492,0.123808678440483,0.516486595330055,0.205790087635745,1,0.0275257185297598,-0.0185179584541659,0.0805687235059806,0.155476126939138,0.0704786293133231],
["fire",0.0540505585308943,-0.00904505262271688,-0.00154300954451323,0.0532523484165675,0.0266975767593205,0.0336582979921425,0.0523724519152289,0.0582719058272603,0.0430680194428577,0,0.0135922903690957,0.00759556284986562,0.0169896744198636,0.00787976265231316,0.00369874190004119,0.00969022826166681,0.0320442561854371,0.035674342844948,0.034900736381032,0.0759589233614196,0.0389767471347017,0.0717135376426617,0.0870496523119048,0.0632910986367344,0.0356222172960188,0.0422293296229643,0.0537067483807868,0.0534499040244464,0.167815703613888,0.041410635450218,0.0275257185297598,1,0.0172742764167431,0.0401909212465805,0.0699637962433775,0.00405738477223282],
["earthquake",0.166538792899587,0.00684409739200268,-0.0119610536216939,0.0802418199568689,0.0158014755526216,0.00420707296813826,0.0657281309874187,0.0196370699379101,-0.0194841428419321,0,-0.0180477109211418,-0.0566424224782139,0.0211906978821307,-0.00318439750439717,0.0623921328276846,0.0530579609122528,0.0174958069960284,0.0935643798929672,0.104356170509098,0.0937046948373471,0.0340522665402134,0.117994860239502,0.0157788967567272,0.0389990764999277,0.0450109321944372,0.0538815761189448,0.0413573858636761,0.0666571081999083,0.517068194466036,0.0033403484157275,-0.0185179584541659,0.0172742764167431,1,0.0375906684211533,0.0165661445957177,0.0280054826167378],
["cold",0.0744561899242785,-0.00187341291951487,-0.00970328711367021,0.0808752571751694,0.0308328820301719,0.0402778955958392,0.0650948923378762,0.0376966915032592,0.0115757227649638,0,0.00681278311137713,0.00236116763572586,0.0716828645627203,0.0412415159487599,0.00503106165514065,0.0279571839853963,0.032098501930472,0.0530114947394191,0.033095663304328,0.0775084241719815,0.0708152387239326,0.0542473603865353,0.0828873061883602,0.0969891683520486,0.0584270897392833,0.0585138261522354,0.0345323553604601,0.0300588474300373,0.23117093033195,0.0447282333472658,0.0805687235059806,0.0401909212465805,0.0375906684211533,1,0.0743457018654072,0.00360977178435477],
["other_weather",0.121996431240428,-0.0155519817828834,-0.00572048772449637,0.125634271755101,0.0388136690870059,0.0321474884855887,0.0448690517342369,0.01322529813888,0.00657375163624204,0,0.0483478379149724,0.0451470238601051,0.0531544994549968,0.00233131102946247,0.032250255108657,0.0310912365915352,0.0456903417312244,0.0846011373822643,0.0966493672004889,0.157793499554282,0.0595418063786603,0.0995187859428695,0.0580767159507364,0.0388876478351661,0.0366492719388874,0.0271123677387772,0.0440217561346459,0.164107095387543,0.378773457730069,0.102497853063294,0.155476126939138,0.0699637962433775,0.0165661445957177,0.0743457018654072,1,0.0031481279773236],
["direct_report",0.25412532931949,0.647832239580199,0.0185681197557068,0.374442635432157,0.0989250499081027,0.0624955766295181,0.056926395900268,0.0484636520792474,-0.0383085102833994,0,0.193230060821378,0.298058898285961,0.234001593316523,0.0666709124701469,0.0166738080476306,0.00821772435092496,0.0054748843876812,0.0107147469659805,0.192652756220102,0.0311152661162516,0.0395786657670878,0.075167418466253,0.0495254071809779,0.0163821432236059,0.0206802995776334,0.0353709458042807,0.021553894412702,0.00277387159287893,0.0784944311239035,0.00234932777968067,0.0704786293133231,0.00405738477223282,0.0280054826167378,0.00360977178435477,0.0031481279773236,1]
];